# Made in Blockbench 4.3.1
mtllib Fungal Triss.mtl

o head
v 0.3668456585096803 1.8892436530937984 0.29818390526450905
v 0.4668277231807093 1.8478297259129943 -0.18996409829545766
v 0.1755039423271355 1.427303886838155 0.29818390526450905
v 0.2754860069981645 1.3858899596573508 -0.18996409829545766
v 0.0158377738554093 2.034635879417489 -0.29818390526450905
v -0.08414429081561964 2.0760498065982924 0.18996409829545763
v -0.17550394232713556 1.572696113161845 -0.29818390526450905
v -0.27548600699816445 1.6141100403426492 0.18996409829545763
vt 0.125 0.875
vt 0.25 0.875
vt 0.25 0.75
vt 0.125 0.75
vt 0 0.875
vt 0.125 0.875
vt 0.125 0.75
vt 0 0.75
vt 0.375 0.875
vt 0.5 0.875
vt 0.5 0.75
vt 0.375 0.75
vt 0.25 0.875
vt 0.375 0.875
vt 0.375 0.75
vt 0.25 0.75
vt 0.25 0.875
vt 0.125 0.875
vt 0.125 1
vt 0.25 1
vt 0.375 1
vt 0.25 1
vt 0.25 0.875
vt 0.375 0.875
vn 0.19996412934205784 -0.08282785436160811 -0.9762960071199335
vn 0.9019798986506 -0.3736123070089881 0.21643961393810285
vn -0.19996412934205784 0.08282785436160811 0.9762960071199335
vn -0.9019798986506 0.3736123070089881 -0.21643961393810285
vn 0.3826834323650897 0.923879532511287 -1.387778780781446e-17
vn -0.3826834323650897 -0.923879532511287 1.387778780781446e-17
usemtl m_1
f 4/4/1 7/3/1 5/2/1 2/1/1
f 3/8/2 4/7/2 2/6/2 1/5/2
f 8/12/3 3/11/3 1/10/3 6/9/3
f 7/16/4 8/15/4 6/14/4 5/13/4
f 6/20/5 1/19/5 2/18/5 5/17/5
f 7/24/6 4/23/6 3/22/6 8/21/6
o headwear
v -0.14240996455199095 2.1175878365254355 0.1968104511252708
v -0.06491751104649557 2.055742731383621 -0.3568829230627327
v 0.20001833926541435 1.6819047561970384 0.2933990646379119
v 0.27751079277090984 1.620059651055224 -0.2602943095500917
v -0.5043990537697747 1.7053690929837586 -0.37925560998248165
v -0.58189150727527 1.767214198125573 0.17443776420552187
v -0.16197074995236926 1.2696860126553617 -0.2826669964698406
v -0.23946320345786454 1.331531117797176 0.27102637771816296
vt 0.625 0.875
vt 0.75 0.875
vt 0.75 0.75
vt 0.625 0.75
vt 0.5 0.875
vt 0.625 0.875
vt 0.625 0.75
vt 0.5 0.75
vt 0.875 0.875
vt 1 0.875
vt 1 0.75
vt 0.875 0.75
vt 0.75 0.875
vt 0.875 0.875
vt 0.875 0.75
vt 0.75 0.75
vt 0.75 0.875
vt 0.625 0.875
vt 0.625 1
vt 0.75 1
vt 0.875 1
vt 0.75 1
vt 0.75 0.875
vt 0.875 0.875
vn 0.13776436178754747 -0.10994685358544781 -0.9843437763342285
vn 0.7813005203969408 0.622886468266422 0.039773665635109166
vn -0.13776436178754747 0.10994685358544781 0.9843437763342285
vn -0.7813005203969408 -0.622886468266422 -0.039773665635109166
vn -0.6087614290087205 0.7745476983615945 -0.17171309068913965
vn 0.6087614290087205 -0.7745476983615945 0.17171309068913965
usemtl m_1
f 12/28/7 15/27/7 13/26/7 10/25/7
f 11/32/8 12/31/8 10/30/8 9/29/8
f 16/36/9 11/35/9 9/34/9 14/33/9
f 15/40/10 16/39/10 14/38/10 13/37/10
f 14/44/11 9/43/11 10/42/11 13/41/11
f 15/48/12 12/47/12 11/46/12 16/45/12
o cube
v 0.0157874669573273 1.6013904748163983 -0.32658571233839456
v 0.033008012180770735 1.5876471181182172 -0.4496286843801731
v 0.09188264558341737 1.504572012521199 -0.3051215760022521
v 0.1091031908068608 1.490828655823018 -0.42816454804403065
v -0.06465455286884683 1.5097863095849144 -0.45460039258456175
v -0.08187509809229027 1.5235296662830955 -0.3315574205427832
v 0.011440625757243236 1.4129678472897151 -0.4331362562484193
v -0.005779919466200198 1.4267112039878962 -0.31009328420664073
vt 0.03125 0.96875
vt 0.0625 0.96875
vt 0.0625 0.9375
vt 0.03125 0.9375
vt 0 0.96875
vt 0.03125 0.96875
vt 0.03125 0.9375
vt 0 0.9375
vt 0.09375 0.96875
vt 0.125 0.96875
vt 0.125 0.9375
vt 0.09375 0.9375
vt 0.0625 0.96875
vt 0.09375 0.96875
vt 0.09375 0.9375
vt 0.0625 0.9375
vt 0.0625 0.96875
vt 0.03125 0.96875
vt 0.03125 1
vt 0.0625 1
vt 0.09375 1
vt 0.0625 1
vt 0.0625 0.96875
vt 0.09375 0.96875
vn 0.13776436178754747 -0.10994685358544781 -0.9843437763342285
vn 0.7813005203969408 0.622886468266422 0.039773665635109166
vn -0.13776436178754747 0.10994685358544781 0.9843437763342285
vn -0.7813005203969408 -0.622886468266422 -0.039773665635109166
vn -0.6087614290087205 0.7745476983615945 -0.17171309068913965
vn 0.6087614290087205 -0.7745476983615945 0.17171309068913965
usemtl m_1
f 20/52/13 23/51/13 21/50/13 18/49/13
f 19/56/14 20/55/14 18/54/14 17/53/14
f 24/60/15 19/59/15 17/58/15 22/57/15
f 23/64/16 24/63/16 22/62/16 21/61/16
f 22/68/17 17/67/17 18/66/17 21/65/17
f 23/72/18 20/71/18 19/70/18 24/69/18
o body
v 0.25 1.5 0.125
v 0.25 1.5 -0.125
v 0.25 0.75 0.125
v 0.25 0.75 -0.125
v -0.25 1.5 -0.125
v -0.25 1.5 0.125
v -0.25 0.75 -0.125
v -0.25 0.75 0.125
vt 0.3125 0.6875
vt 0.4375 0.6875
vt 0.4375 0.5
vt 0.3125 0.5
vt 0.25 0.6875
vt 0.3125 0.6875
vt 0.3125 0.5
vt 0.25 0.5
vt 0.5 0.6875
vt 0.625 0.6875
vt 0.625 0.5
vt 0.5 0.5
vt 0.4375 0.6875
vt 0.5 0.6875
vt 0.5 0.5
vt 0.4375 0.5
vt 0.4375 0.6875
vt 0.3125 0.6875
vt 0.3125 0.75
vt 0.4375 0.75
vt 0.5625 0.75
vt 0.4375 0.75
vt 0.4375 0.6875
vt 0.5625 0.6875
vn 0 0 -1
vn 1 0 0
vn 0 0 1
vn -1 0 0
vn 0 1 0
vn 0 -1 0
usemtl m_1
f 28/76/19 31/75/19 29/74/19 26/73/19
f 27/80/20 28/79/20 26/78/20 25/77/20
f 32/84/21 27/83/21 25/82/21 30/81/21
f 31/88/22 32/87/22 30/86/22 29/85/22
f 30/92/23 25/91/23 26/90/23 29/89/23
f 31/96/24 28/95/24 27/94/24 32/93/24
o left_arm
v -0.16062719524739671 1.4338638197721307 0.09287600281241515
v -0.37398973771101063 1.549176115610241 0.03221712133569632
v -0.24045511378506534 0.9763647009109777 -0.4960400010991882
v -0.45381765624867926 1.091676996749088 -0.5566988825759073
v -0.5015372594357501 1.388095657419599 0.17464154231387607
v -0.28817471697213626 1.2727833615814887 0.2353004237905949
v -0.5813651779734188 0.9305965385584458 -0.4142744615977273
v -0.36800263550980483 0.8152842427203354 -0.35361558012100824
vt 0.75 0.6875
vt 0.6875 0.6875
vt 0.6875 0.5
vt 0.75 0.5
vt 0.8125 0.6875
vt 0.75 0.6875
vt 0.75 0.5
vt 0.8125 0.5
vt 0.875 0.6875
vt 0.8125 0.6875
vt 0.8125 0.5
vt 0.875 0.5
vt 0.6875 0.6875
vt 0.625 0.6875
vt 0.625 0.5
vt 0.6875 0.5
vt 0.6875 0.6875
vt 0.75 0.6875
vt 0.75 0.75
vt 0.6875 0.75
vt 0.75 0.75
vt 0.8125 0.75
vt 0.8125 0.6875
vt 0.75 0.6875
vn -0.8534501698544558 0.4612491833524418 -0.24263552590687593
vn 0.5101900868989582 0.6443218327625693 -0.56969768391272
vn 0.8534501698544558 -0.4612491833524418 0.24263552590687593
vn -0.5101900868989582 -0.6443218327625693 0.56969768391272
vn 0.10643722471689128 0.6099988251482044 0.7852213385488046
vn -0.10643722471689128 -0.6099988251482044 -0.7852213385488046
usemtl m_1
f 36/100/25 39/99/25 37/98/25 34/97/25
f 35/104/26 36/103/26 34/102/26 33/101/26
f 40/108/27 35/107/27 33/106/27 38/105/27
f 39/112/28 40/111/28 38/110/28 37/109/28
f 38/116/29 33/115/29 34/114/29 37/113/29
f 39/120/30 36/119/30 35/118/30 40/117/30
o right_arm
v 0.48594356227438723 1.3496929910520252 0.18889980413880214
v 0.49158295380267464 1.5545652147178184 0.045737067250239294
v 0.549083049396415 0.920453520821981 -0.42287375066934607
v 0.5547224409247024 1.1253257444877742 -0.5660364875579091
v 0.2425342792797383 1.5471129598112658 0.025262165170466755
v 0.2368948877514509 1.342240736145473 0.1684249020590296
v 0.30567376640176597 1.1178734895812217 -0.5865113896376817
v 0.30003437487347856 0.9130012659154285 -0.4433486527491186
vt 0.6875 0.6875
vt 0.75 0.6875
vt 0.75 0.5
vt 0.6875 0.5
vt 0.625 0.6875
vt 0.6875 0.6875
vt 0.6875 0.5
vt 0.625 0.5
vt 0.8125 0.6875
vt 0.875 0.6875
vt 0.875 0.5
vt 0.8125 0.5
vt 0.75 0.6875
vt 0.8125 0.6875
vt 0.8125 0.5
vt 0.75 0.5
vt 0.75 0.6875
vt 0.6875 0.6875
vt 0.6875 0.75
vt 0.75 0.75
vt 0.8125 0.75
vt 0.75 0.75
vt 0.75 0.6875
vt 0.8125 0.6875
vn 0.02255756611314968 0.8194888946631727 -0.5726509475542519
vn 0.9961946980917455 0.029809019626209635 0.08189960831909018
vn -0.02255756611314968 -0.8194888946631727 0.5726509475542519
vn -0.9961946980917455 -0.029809019626209635 -0.08189960831909018
vn -0.08418598282937023 0.5723192936400588 0.815698073077531
vn 0.08418598282937023 -0.5723192936400588 -0.815698073077531
usemtl m_1
f 44/124/31 47/123/31 45/122/31 42/121/31
f 43/128/32 44/127/32 42/126/32 41/125/32
f 48/132/33 43/131/33 41/130/33 46/129/33
f 47/136/34 48/135/34 46/134/34 45/133/34
f 46/140/35 41/139/35 42/138/35 45/137/35
f 47/144/36 44/143/36 43/142/36 48/141/36
o left_leg
v 0 0.75 0.125
v 0 0.75 -0.125
v 0 0 0.125
v 0 0 -0.125
v -0.25 0.75 -0.125
v -0.25 0.75 0.125
v -0.25 0 -0.125
v -0.25 0 0.125
vt 0.125 0.6875
vt 0.0625 0.6875
vt 0.0625 0.5
vt 0.125 0.5
vt 0.1875 0.6875
vt 0.125 0.6875
vt 0.125 0.5
vt 0.1875 0.5
vt 0.25 0.6875
vt 0.1875 0.6875
vt 0.1875 0.5
vt 0.25 0.5
vt 0.0625 0.6875
vt 0 0.6875
vt 0 0.5
vt 0.0625 0.5
vt 0.0625 0.6875
vt 0.125 0.6875
vt 0.125 0.75
vt 0.0625 0.75
vt 0.125 0.75
vt 0.1875 0.75
vt 0.1875 0.6875
vt 0.125 0.6875
vn 0 0 -1
vn 1 0 0
vn 0 0 1
vn -1 0 0
vn 0 1 0
vn 0 -1 0
usemtl m_1
f 52/148/37 55/147/37 53/146/37 50/145/37
f 51/152/38 52/151/38 50/150/38 49/149/38
f 56/156/39 51/155/39 49/154/39 54/153/39
f 55/160/40 56/159/40 54/158/40 53/157/40
f 54/164/41 49/163/41 50/162/41 53/161/41
f 55/168/42 52/167/42 51/166/42 56/165/42
o right_leg
v 0.25 0.75 0.125
v 0.25 0.75 -0.125
v 0.25 0 0.125
v 0.25 0 -0.125
v 0 0.75 -0.125
v 0 0.75 0.125
v 0 0 -0.125
v 0 0 0.125
vt 0.0625 0.6875
vt 0.125 0.6875
vt 0.125 0.5
vt 0.0625 0.5
vt 0 0.6875
vt 0.0625 0.6875
vt 0.0625 0.5
vt 0 0.5
vt 0.1875 0.6875
vt 0.25 0.6875
vt 0.25 0.5
vt 0.1875 0.5
vt 0.125 0.6875
vt 0.1875 0.6875
vt 0.1875 0.5
vt 0.125 0.5
vt 0.125 0.6875
vt 0.0625 0.6875
vt 0.0625 0.75
vt 0.125 0.75
vt 0.1875 0.75
vt 0.125 0.75
vt 0.125 0.6875
vt 0.1875 0.6875
vn 0 0 -1
vn 1 0 0
vn 0 0 1
vn -1 0 0
vn 0 1 0
vn 0 -1 0
usemtl m_1
f 60/172/43 63/171/43 61/170/43 58/169/43
f 59/176/44 60/175/44 58/174/44 57/173/44
f 64/180/45 59/179/45 57/178/45 62/177/45
f 63/184/46 64/183/46 62/182/46 61/181/46
f 62/188/47 57/187/47 58/186/47 61/185/47
f 63/192/48 60/191/48 59/190/48 64/189/48